image: map.pgm
resolution: 0.050000
origin: [-4.681323, -2.265111, 0.000000]
negate: 0
occupied_thresh: 0.65
free_thresh: 0.196

